2,19,[ 2.          3.          0.09452859  0.28539952  0.05        1.45712571
  2.26603852  0.83019511  0.90066507  0.76329808  0.87611279  1.
  0.22714702 12.28040307  2.          1.1         2.          0.05065409
 -0.15        0.1381614   0.84777163  0.79247557  0.54170376  0.93749531
  1.         15.79048144  0.92104383  1.78930698],Objective(total_obj=0.6990681929383389, obj_name_disturb=array([[0.14897171, 0.14504182, 0.12788424, 0.13331529, 0.11445061,
        0.15780693, 0.05713642, 0.06911554, 0.03028219, 0.05718444,
        0.04532407, 0.17957966, 0.36650178, 0.38286473],
       [0.33559768, 0.5241008 , 1.00176111, 0.46697131, 1.30731226,
        0.39403827, 0.56421416, 0.31377211, 0.51897692, 0.10855571,
        0.39440446, 0.43188198, 0.75826438, 0.65164412]]), parameter_dist=[0.0, 0.5, 0.3727754443391282, 0.17257005076754495, 0.5, 0.3928142722786133, 0.23396148303474984, 0.3679673701013131, 0.253325359149696, 0.2632980825606416, 0.0870426202013338, 0.5, 0.35872553466979773, 0.2719596934704708, 0.5, 0.5, 0.5, 0.49345905905423465, 0.5, 0.38161398024163495, 0.15181085044808595, 0.2924755722968687, 0.041703755218269856, 0.18747656314721584, 0.5, 0.07904814440218877, 0.41227092740893845, 0.38910893639668165], converged=False),False
